1002867 0.795400 0.787980 0.787980
1005639 0.720590 0.700240 0.700240
1007823 0.378390 0.234630 0.234630
1009404 0.695650 0.620450 0.620450
1009856 0.904770 0.901470 0.901470
1013179 0.769730 0.724860 0.724860
1015620 0.494250 0.381840 0.381840
1021036 0.782140 0.767310 0.767310
1027085 0.674220 0.542540 0.542540
1027294 0.720640 0.628870 0.628870
1028505 0.881280 0.878810 0.878810
1029390 0.472960 0.371290 0.371290
1029776 0.828590 0.818650 0.818650
1031414 0.870330 0.865430 0.865430
1035858 0.580860 0.456930 0.456930
1041530 0.850170 0.823030 0.823030
1045434 0.844040 0.829640 0.829640
1049030 0.798810 0.755780 0.755780
1053871 0.752160 0.636270 0.636270
1058551 0.654460 0.601300 0.601300
1062220 0.392990 0.342770 0.342770
1066522 0.356480 0.284650 0.284650
1066648 0.562430 0.455620 0.455620
1066767 0.533570 0.424870 0.424870
1067343 0.792260 0.772300 0.772300
1068169 0.797410 0.728500 0.728500
1071514 0.753470 0.728440 0.728440
1073952 0.783950 0.760090 0.760090
1073996 0.879480 0.861170 0.861170
1074828 0.444940 0.317920 0.317920
1075113 0.837780 0.829410 0.829410
1084750 0.425160 0.333590 0.333590
1085234 0.965460 0.965010 0.965010
1085468 0.604530 0.513200 0.513200
1095208 0.460860 0.333490 0.333490
1097104 0.813260 0.773580 0.773580
1098180 0.250260 0.213780 0.213780
1098605 0.641800 0.628810 0.628810
1098634 0.924360 0.923630 0.923630
1101252 0.340320 0.250820 0.250820
1102129 0.780540 0.733670 0.733670
1102445 0.866870 0.859770 0.859770
1105148 0.901290 0.896430 0.896430
1108131 0.543560 0.434940 0.434940
1108642 0.588160 0.452790 0.452790
1109779 0.890890 0.884220 0.884220
1112518 0.671010 0.660980 0.660980
1115111 0.364630 0.304700 0.304700
1116393 0.314820 0.246560 0.246560
1122248 0.566250 0.491600 0.491600
1124627 0.814990 0.805960 0.805960
1129323 0.729610 0.683710 0.683710
1129523 0.756310 0.679360 0.679360
1133939 0.491070 0.380960 0.380960
1134074 0.833210 0.783320 0.783320
1137606 0.843910 0.830310 0.830310
1138505 0.753510 0.736000 0.736000
1139243 0.570570 0.469640 0.469640
1144476 0.528560 0.428460 0.428460
1146503 0.800930 0.797390 0.797390
1157735 0.746760 0.726190 0.726190
1165660 0.839110 0.768270 0.768270
1166425 0.768210 0.738430 0.738430
1168042 0.847710 0.826420 0.826420
1168914 0.807690 0.792990 0.792990
1173628 0.625750 0.498130 0.498130
1176338 0.792790 0.789430 0.789430
1178618 0.525080 0.450240 0.450240
1179983 0.813630 0.786170 0.786170
1185077 0.855380 0.849570 0.849570
1186453 0.712300 0.618600 0.618600
1192519 0.747410 0.629830 0.629830
1194123 0.903210 0.896940 0.896940
1197142 0.770860 0.750740 0.750740
1201815 0.799130 0.792420 0.792420
1202023 0.742830 0.730940 0.730940
1203950 0.852200 0.850570 0.850570
1206548 0.239470 0.219720 0.219720
1208494 0.825410 0.814050 0.814050
1223204 0.537380 0.407310 0.407310
1224250 0.762110 0.705290 0.705290
1225426 0.752710 0.747160 0.747160
1227497 0.664030 0.602550 0.602550
1228058 0.805440 0.787040 0.787040
1232746 0.764600 0.728600 0.728600
1234270 0.305850 0.245040 0.245040
1234318 0.901880 0.892200 0.892200
1238368 0.648280 0.616370 0.616370
1240272 0.689460 0.657430 0.657430
1247012 0.916710 0.916050 0.916050
1256457 0.883630 0.873520 0.873520
1260448 0.670290 0.644890 0.644890
1268034 0.562090 0.495720 0.495720
1273536 0.701910 0.590670 0.590670
1274881 0.734290 0.622610 0.622610
1281719 0.595750 0.526000 0.526000
1282270 0.800520 0.767140 0.767140
1284537 0.827930 0.811500 0.811500
1286932 0.726950 0.680570 0.680570
1289729 0.701830 0.624950 0.624950
1292232 0.490270 0.389600 0.389600
1294425 0.728360 0.674800 0.674800
1295971 0.735320 0.693730 0.693730
1297159 0.845730 0.832000 0.832000
1300479 0.751270 0.635190 0.635190
1308563 0.745690 0.670690 0.670690
1315318 0.750590 0.740440 0.740440
1315625 0.713780 0.674020 0.674020
1318684 0.734590 0.657550 0.657550
1320361 0.263740 0.231480 0.231480
1322081 0.364440 0.267050 0.267050
1322614 0.762490 0.753860 0.753860
1323643 0.618310 0.569290 0.569290
1326638 0.808020 0.791540 0.791540
1327350 0.723550 0.692220 0.692220
1328818 0.428380 0.302800 0.302800
1330771 0.922400 0.921910 0.921910
1337564 0.925930 0.921230 0.921230
1344909 0.784320 0.777330 0.777330
1346485 0.819900 0.798790 0.798790
1348870 0.823620 0.807660 0.807660
1350943 0.609040 0.601460 0.601460
1353271 0.695940 0.648280 0.648280
1353453 0.861710 0.857440 0.857440
1354128 0.808890 0.802710 0.802710
1354464 0.841910 0.839540 0.839540
1361018 0.889170 0.872910 0.872910
1363100 0.657510 0.642840 0.642840
1364873 0.426100 0.312960 0.312960
1365861 0.700280 0.618750 0.618750
1369340 0.728820 0.547390 0.547390
1370341 0.630210 0.479470 0.479470
1370857 0.383940 0.306140 0.306140
1373397 0.610750 0.496730 0.496730
1374579 0.733720 0.674360 0.674360
1379675 0.630210 0.608080 0.608080
1385312 0.458520 0.370620 0.370620
1392454 0.676750 0.568180 0.568180
1392742 0.659860 0.524650 0.524650
1394231 0.363480 0.320300 0.320300
1398947 0.962970 0.962500 0.962500
1399026 0.498520 0.386290 0.386290
1400164 0.739430 0.633240 0.633240
1410400 0.780680 0.724860 0.724860
1413908 0.961040 0.958100 0.958100
1417937 0.675050 0.588500 0.588500
1421197 0.845390 0.833540 0.833540
1422805 0.668510 0.601820 0.601820
1423770 0.852330 0.821460 0.821460
1427169 0.740710 0.726360 0.726360
1429007 0.890490 0.887370 0.887370
1434029 0.679030 0.589060 0.589060
1442274 0.811780 0.797760 0.797760
1443107 0.932890 0.929830 0.929830
1444673 0.565330 0.445810 0.445810
1447487 0.774200 0.749060 0.749060
1450308 0.944040 0.941680 0.941680
1452327 0.814790 0.767400 0.767400
1452994 0.903930 0.901370 0.901370
1454075 0.352200 0.254910 0.254910
1454713 0.840030 0.824820 0.824820
1464647 0.919530 0.917960 0.917960
1465628 0.772070 0.705580 0.705580
1470027 0.829250 0.820030 0.820030
1475480 0.750840 0.703620 0.703620
1477893 0.630010 0.542430 0.542430
1482286 0.699730 0.620590 0.620590
1483081 0.710840 0.694240 0.694240
1484553 0.947600 0.943950 0.943950
1486229 0.813550 0.776090 0.776090
1488119 0.692010 0.681300 0.681300
1501992 0.918660 0.917400 0.917400
1508620 0.673670 0.671780 0.671780
1515604 0.770650 0.761430 0.761430
1516498 0.616000 0.517770 0.517770
1517111 0.760590 0.728360 0.728360
1522800 0.887520 0.879860 0.879860
1523786 0.761930 0.717670 0.717670
1525834 0.820280 0.816960 0.816960
1527083 0.614940 0.501110 0.501110
1534710 0.755730 0.700260 0.700260
1537149 0.857550 0.852220 0.852220
1538846 0.675060 0.605710 0.605710
1545231 0.569400 0.427800 0.427800
1548723 0.240760 0.000000 0.167260
1553666 0.658790 0.637440 0.637440
1561454 0.843960 0.831510 0.831510
1563789 0.512580 0.412780 0.412780
1567711 0.724660 0.690360 0.690360
1568777 0.777190 0.707640 0.707640
1569173 0.825900 0.796360 0.796360
1578908 0.516170 0.407610 0.407610
1579902 0.702130 0.653390 0.653390
1580630 0.785330 0.725070 0.725070
1581950 0.270520 0.234610 0.234610
1583796 0.805650 0.782370 0.782370
1583812 0.812000 0.796850 0.796850
1588250 0.693430 0.532150 0.532150
1588964 0.126550 0.000000 0.098200
1595195 0.495860 0.428810 0.428810
1599410 0.798560 0.762590 0.762590
1599507 0.748650 0.672600 0.672600
1601254 0.817110 0.812820 0.812820
1603086 0.757290 0.698750 0.698750
1609558 0.714550 0.693940 0.693940
1609698 0.729670 0.683930 0.683930
1611606 0.872170 0.858460 0.858460
1616997 0.832450 0.830010 0.830010
1618986 0.863510 0.858270 0.858270
1620867 0.735070 0.671820 0.671820
1622571 0.825170 0.820880 0.820880
1624761 0.866280 0.860100 0.860100
1631117 0.878230 0.872130 0.872130
1636043 0.711670 0.658950 0.658950
1638703 0.736320 0.665640 0.665640
1638919 0.576110 0.558660 0.558660
1642201 0.847940 0.836950 0.836950
1652924 0.754910 0.708070 0.708070
1656657 0.549820 0.491240 0.491240
1660582 0.606140 0.499450 0.499450
1664978 0.800020 0.788870 0.788870
1665193 0.651720 0.568190 0.568190
1666159 0.933670 0.932100 0.932100
1667927 0.768860 0.715400 0.715400
1668124 0.663380 0.655600 0.655600
1668529 0.886360 0.884120 0.884120
1668584 0.772650 0.739020 0.739020
1671316 0.711610 0.596310 0.596310
1671814 0.655720 0.570270 0.570270
1673109 0.670270 0.631130 0.631130
1681852 0.627370 0.560260 0.560260
1682186 0.553950 0.512570 0.512570
1685808 0.611840 0.471570 0.471570
1690426 0.602650 0.460890 0.460890
1695837 0.105260 0.098280 0.098280
1696366 0.784020 0.767520 0.767520
1698287 0.747510 0.653310 0.653310
1699208 0.725290 0.715380 0.715380
1700830 0.793930 0.730540 0.730540
1702323 0.843080 0.839440 0.839440
1703637 0.881230 0.875040 0.875040
1708002 0.354430 0.298020 0.298020
1708413 0.771840 0.724020 0.724020
1710505 0.442900 0.251940 0.251940
1710636 0.564740 0.433020 0.433020
1714341 0.866050 0.857880 0.857880
1715038 0.930900 0.925520 0.925520
1715358 0.843450 0.829200 0.829200
1721551 0.498000 0.413220 0.413220
1722508 0.714750 0.665400 0.665400
1723360 0.697410 0.626400 0.626400
1733240 0.908020 0.888980 0.888980
1735742 0.890050 0.883300 0.883300
1738541 0.781280 0.673740 0.673740
1741864 0.732860 0.706230 0.706230
1743130 0.388870 0.311620 0.311620
1746739 0.802790 0.754180 0.754180
1747208 0.866900 0.865220 0.865220
1750516 0.818580 0.811260 0.811260
1751199 0.805030 0.764950 0.764950
1755721 0.502390 0.458590 0.458590
1755843 0.320030 0.000000 0.217780
1756189 0.617080 0.576880 0.576880
1757718 0.821310 0.739590 0.739590
1763095 0.795590 0.771810 0.771810
1765752 0.659530 0.514530 0.514530
1770133 0.601600 0.478290 0.478290
1770296 0.865290 0.855880 0.855880
1771965 0.833640 0.810410 0.810410
1773240 0.670450 0.603090 0.603090
1773750 0.930380 0.929040 0.929040
1775694 0.360130 0.261560 0.261560
1780407 0.710010 0.675280 0.675280
1782049 0.469740 0.333020 0.333020
1782798 0.449440 0.289940 0.289940
1788500 0.725530 0.704600 0.704600
1788608 0.931350 0.929110 0.929110
1791632 0.794330 0.785290 0.785290
1804217 0.942370 0.940150 0.940150
1806299 0.803280 0.763950 0.763950
1811683 0.809830 0.799430 0.799430
1812105 0.822590 0.804450 0.804450
1817290 0.700950 0.665210 0.665210
1821035 0.727710 0.703840 0.703840
1827723 0.881260 0.770440 0.770440
1827761 0.636410 0.499360 0.499360
1828498 0.839160 0.827520 0.827520
1829617 0.768120 0.637890 0.637890
1833468 0.236430 0.216730 0.216730
1834084 0.185600 0.140780 0.140780
1835001 0.852230 0.846260 0.846260
1836357 0.813180 0.758290 0.758290
1840439 0.774200 0.720730 0.720730
1846826 0.884260 0.830190 0.830190
1849331 0.607940 0.466220 0.466220
1852268 0.941380 0.940250 0.940250
1854368 0.710410 0.700640 0.700640
1865054 0.835250 0.778580 0.778580
1866166 0.737030 0.609400 0.609400
1867128 0.677160 0.626140 0.626140
1867357 0.773190 0.697080 0.697080
1868463 0.578810 0.504260 0.504260
1876194 0.822140 0.793110 0.793110
1883194 0.931350 0.926940 0.926940
1883568 0.818850 0.773460 0.773460
1884916 0.470210 0.382900 0.382900
1886185 0.817880 0.811740 0.811740
1886325 0.684690 0.624510 0.624510
1887783 0.798040 0.749420 0.749420
1887789 0.750130 0.672910 0.672910
1894887 0.772090 0.728140 0.728140
1896185 0.845100 0.835800 0.835800
1896309 0.856260 0.807300 0.807300
1897412 0.870410 0.865390 0.865390
1900734 0.298040 0.214750 0.214750
1902658 0.871950 0.866440 0.866440
1903803 0.689870 0.559010 0.559010
1904144 0.751900 0.736820 0.736820
1905774 0.773430 0.712400 0.712400
1908226 0.819040 0.812560 0.812560
1911646 0.668850 0.612380 0.612380
1920459 0.794030 0.777890 0.777890
1920585 0.860490 0.858710 0.858710
1929319 0.785590 0.764370 0.764370
1931029 0.810070 0.744730 0.744730
1931114 0.138910 0.127730 0.127730
1936185 0.668340 0.519190 0.519190
1937641 0.617310 0.566080 0.566080
1941866 0.385180 0.338050 0.338050
1952013 0.579200 0.509390 0.509390
1952579 0.741130 0.680570 0.680570
1955321 0.858220 0.820250 0.820250
1955721 0.771310 0.720590 0.720590
1959699 0.727220 0.679650 0.679650
1960918 0.769160 0.719220 0.719220
1962175 0.499040 0.468650 0.468650
1962761 0.411380 0.360370 0.360370
1964056 0.720060 0.679660 0.679660
1966933 0.684200 0.614120 0.614120
1968453 0.488300 0.000000 0.306360
1975327 0.849340 0.846760 0.846760
1980518 0.848030 0.788780 0.788780
1985543 0.858260 0.837510 0.837510
1988148 0.726680 0.598010 0.598010
1988534 0.798360 0.786860 0.786860
1988935 0.835020 0.713040 0.713040
1995171 0.364810 0.304090 0.304090
2000100 0.464390 0.000000 0.251650
2002988 0.838950 0.834660 0.834660
2007358 0.815940 0.781590 0.781590
2009094 0.795730 0.790020 0.790020
2012013 0.531470 0.455920 0.455920
2014715 0.709020 0.605830 0.605830
2014944 0.893310 0.889410 0.889410
2017032 0.819930 0.809830 0.809830
2028227 0.744300 0.668040 0.668040
2030852 0.738450 0.622790 0.622790
2032772 0.844510 0.832810 0.832810
2036732 0.527000 0.420410 0.420410
2037566 0.763240 0.755650 0.755650
2042596 0.588850 0.469240 0.469240
2050011 0.539590 0.000000 0.304200
2050741 0.826920 0.807240 0.807240
2051346 0.672630 0.644370 0.644370
2053736 0.830560 0.767220 0.767220
2058401 0.874450 0.863940 0.863940
2059468 0.490060 0.429530 0.429530
2059529 0.725700 0.719940 0.719940
2060317 0.899640 0.897860 0.897860
2064122 0.907960 0.893550 0.893550
2064276 0.699240 0.655520 0.655520
2065033 0.877170 0.871890 0.871890
2069864 0.729510 0.670830 0.670830
2070076 0.815900 0.783380 0.783380
2071665 0.761910 0.739810 0.739810
2075786 0.659130 0.566810 0.566810
2080148 0.656610 0.533340 0.533340
2080991 0.755090 0.000000 0.568430
2081656 0.801230 0.725410 0.725410
2083132 0.524030 0.392890 0.392890
2086672 0.809750 0.806110 0.806110
2087383 0.807170 0.801690 0.801690
2090560 0.817400 0.779030 0.779030
2103996 0.266310 0.225770 0.225770
2108482 0.607340 0.528080 0.528080
2111660 0.778640 0.773290 0.773290
2115548 0.799130 0.667130 0.667130
2115563 0.403970 0.316370 0.316370
2116010 0.765760 0.703770 0.703770
2116467 0.857930 0.842500 0.842500
2116607 0.210050 0.182330 0.182330
2117622 0.606110 0.518340 0.518340
2123133 0.793620 0.680780 0.680780
2124174 0.679260 0.565670 0.565670
2124273 0.639050 0.552010 0.552010
2126232 0.714360 0.654510 0.654510
2126588 0.784950 0.780040 0.780040
2127352 0.836640 0.832950 0.832950
2128145 0.888580 0.885070 0.885070
2129226 0.791680 0.772800 0.772800
2131431 0.630190 0.536500 0.536500
2139134 0.367760 0.301820 0.301820
2140454 0.760050 0.644940 0.644940
2140960 0.451090 0.377600 0.377600
2142549 0.693070 0.624530 0.624530
2143366 0.740790 0.726350 0.726350
2145815 0.604390 0.529250 0.529250
2145997 0.464830 0.356830 0.356830
2146598 0.835390 0.825040 0.825040
2148930 0.651910 0.572600 0.572600
2149558 0.833660 0.819140 0.819140
2151032 0.714720 0.000000 0.530740
2156455 0.542420 0.457890 0.457890
2159212 0.882960 0.881960 0.881960
2159438 0.797360 0.780800 0.780800
2165787 0.761820 0.698790 0.698790
2167590 0.599100 0.503040 0.503040
2169603 0.816020 0.805070 0.805070
2171095 0.791890 0.789490 0.789490
2176325 0.438590 0.315870 0.315870
2180861 0.568050 0.459140 0.459140
2181130 0.898970 0.895970 0.895970
2181292 0.758540 0.661950 0.661950
2183949 0.832820 0.771190 0.771190
2188460 0.863960 0.860240 0.860240
2188908 0.907650 0.871450 0.871450
2189496 0.968590 0.968130 0.968130
2191038 0.675650 0.522450 0.522450
2191320 0.750590 0.737040 0.737040
2193848 0.929860 0.929500 0.929500
2196143 0.524010 0.469130 0.469130
2197904 0.684100 0.612490 0.612490
2201932 0.922930 0.919540 0.919540
2208819 0.808790 0.792910 0.792910
2209199 0.800060 0.791840 0.791840
2209473 0.754370 0.609220 0.609220
2209843 0.444220 0.348040 0.348040
2216756 0.844370 0.792780 0.792780
2217973 0.574610 0.561770 0.561770
2218118 0.852070 0.847790 0.847790
2220115 0.831600 0.776400 0.776400
2220284 0.552420 0.464700 0.464700
2221828 0.897020 0.896090 0.896090
2224335 0.783610 0.764100 0.764100
2225874 0.906660 0.903590 0.903590
2229804 0.803970 0.790610 0.790610
2235048 0.420770 0.366100 0.366100
2236690 0.766980 0.757250 0.757250
2237474 0.623890 0.508610 0.508610
2239530 0.671870 0.531590 0.531590
2242351 0.394640 0.305640 0.305640
2243674 0.767790 0.756700 0.756700
2245095 0.794300 0.729310 0.729310
2247636 0.874120 0.870430 0.870430
2248266 0.246890 0.213540 0.213540
2249000 0.862330 0.767530 0.767530
2251481 0.183470 0.153880 0.153880
2251998 0.920770 0.914860 0.914860
2256597 0.770410 0.708260 0.708260
2262723 0.145810 0.143930 0.143930
2263952 0.810470 0.742160 0.742160
2265291 0.762780 0.690220 0.690220
2266555 0.559850 0.000000 0.341340
2272561 0.629310 0.570210 0.570210
2275712 0.794480 0.780840 0.780840
2289479 0.747380 0.713640 0.713640
2295527 0.757910 0.747360 0.747360
2299854 0.947450 0.946690 0.946690
2301647 0.354620 0.309290 0.309290
2301687 0.397060 0.296520 0.296520
2307962 0.427270 0.359510 0.359510
2310522 0.627660 0.570870 0.570870
2312233 0.791570 0.760110 0.760110
2314213 0.530440 0.471350 0.471350
2319354 0.203210 0.183740 0.183740
2321199 0.799320 0.773300 0.773300
2325916 0.381730 0.308720 0.308720
2332148 0.844020 0.822430 0.822430
2332742 0.948600 0.947490 0.947490
2333085 0.869480 0.863000 0.863000
2339728 0.842780 0.837020 0.837020
2347050 0.905720 0.900370 0.900370
2352232 0.845820 0.830280 0.830280
2354985 0.834760 0.775870 0.775870
2356467 0.834890 0.768720 0.768720
2356999 0.634970 0.538100 0.538100
2357247 0.651260 0.575150 0.575150
2358887 0.682980 0.000000 0.493430
2359743 0.530720 0.423990 0.423990
2360557 0.818090 0.786590 0.786590
2362692 0.364040 0.000000 0.239540
2367508 0.558950 0.414630 0.414630
2368294 0.856660 0.854460 0.854460
2369355 0.855390 0.809960 0.809960
2370006 0.811820 0.799870 0.799870
2371047 0.817960 0.760870 0.760870
2371170 0.637420 0.540310 0.540310
2376318 0.558620 0.377700 0.377700
2381167 0.696680 0.649430 0.649430
2381242 0.782500 0.000000 0.584170
2382091 0.860480 0.851620 0.851620
2382797 0.896610 0.887880 0.887880
2383056 0.879710 0.873090 0.873090
2383851 0.810880 0.797470 0.797470
2387661 0.721850 0.671150 0.671150
2388751 0.870510 0.865260 0.865260
2392598 0.128460 0.123180 0.123180
2395204 0.336800 0.192420 0.192420
2395721 0.753210 0.702910 0.702910
2399814 0.741690 0.701120 0.701120
2400687 0.889980 0.884990 0.884990
2403917 0.646520 0.606820 0.606820
2404591 0.746340 0.735850 0.735850
2406161 0.949100 0.947060 0.947060
2408689 0.839610 0.808720 0.808720
2409959 0.753200 0.701820 0.701820
2410367 0.812070 0.694760 0.694760
2412987 0.545950 0.461870 0.461870
2419141 0.768950 0.637170 0.637170
2421678 0.736400 0.641540 0.641540
2424388 0.485840 0.421600 0.421600
2425122 0.804530 0.722620 0.722620
2425662 0.711740 0.704170 0.704170
2427324 0.695300 0.599160 0.599160
2428645 0.102690 0.095530 0.095530
2429191 0.800880 0.772390 0.772390
2436056 0.590040 0.480590 0.480590
2436645 0.678820 0.587500 0.587500
2440446 0.565250 0.484560 0.484560
2440596 0.588320 0.521730 0.521730
2441636 0.687100 0.669330 0.669330
2445398 0.914010 0.908840 0.908840
2445407 0.579960 0.422920 0.422920
2449723 0.202790 0.144160 0.144160
2454325 0.938870 0.937070 0.937070
2458889 0.545780 0.421750 0.421750
2460512 0.634010 0.532470 0.532470
2462572 0.226190 0.200790 0.200790
2466032 0.763290 0.750620 0.750620
2467487 0.585050 0.000000 0.402190
2470929 0.672250 0.608640 0.608640
2472828 0.666810 0.537010 0.537010
2475408 0.604910 0.571410 0.571410
2477521 0.871460 0.862680 0.862680
2479911 0.675310 0.666740 0.666740
2480414 0.669630 0.577350 0.577350
2481324 0.890100 0.862640 0.862640
2482938 0.752690 0.739460 0.739460
2483752 0.863860 0.857060 0.857060
2489947 0.817150 0.806350 0.806350
2493339 0.809510 0.775720 0.775720
2493575 0.646170 0.543330 0.543330
2494912 0.129910 0.000000 0.086780
2496130 0.572490 0.532940 0.532940
2496710 0.941210 0.937470 0.937470
2497511 0.701630 0.671730 0.671730
2497982 0.272010 0.245730 0.245730
2501210 0.645680 0.577600 0.577600
2502698 0.771200 0.759730 0.759730
2508679 0.930840 0.921980 0.921980
2511400 0.924460 0.919840 0.919840
2511429 0.221050 0.164990 0.164990
2514603 0.382780 0.286190 0.286190
2516572 0.428400 0.374090 0.374090
2520126 0.572140 0.451000 0.451000
2522140 0.220080 0.202640 0.202640
2522809 0.793880 0.716930 0.716930
2526829 0.644940 0.565030 0.565030
2526840 0.825140 0.803530 0.803530
2527240 0.873100 0.871890 0.871890
2531098 0.795190 0.731960 0.731960
2535257 0.815720 0.793280 0.793280
2536401 0.814180 0.000000 0.602660
2537839 0.532040 0.000000 0.339100
2539200 0.865910 0.863780 0.863780
2539535 0.828540 0.000000 0.620480
2542883 0.883460 0.867370 0.867370
2543809 0.239620 0.187180 0.187180
2550021 0.855250 0.851070 0.851070
2550576 0.845220 0.838510 0.838510
2550752 0.744000 0.622810 0.622810
2552081 0.686270 0.627290 0.627290
2552509 0.692570 0.600730 0.600730
2552850 0.781690 0.687870 0.687870
2553107 0.909860 0.883610 0.883610
2554462 0.646760 0.572230 0.572230
2559273 0.674600 0.601590 0.601590
2561007 0.892590 0.888240 0.888240
2564457 0.741330 0.719680 0.719680
2568209 0.249760 0.180170 0.180170
2568577 0.666420 0.594580 0.594580
2570632 0.432690 0.365220 0.365220
2577576 0.884530 0.880000 0.880000
2580428 0.668840 0.549460 0.549460
2582792 0.786200 0.777730 0.777730
2584163 0.534420 0.522370 0.522370
2590292 0.707880 0.702790 0.702790
2590706 0.641320 0.550490 0.550490
2591877 0.692850 0.612680 0.612680
2593475 0.866230 0.859270 0.859270
2594132 0.571680 0.433600 0.433600
2595883 0.536990 0.430020 0.430020
2597810 0.693440 0.581140 0.581140
2600606 0.748210 0.701600 0.701600
2601912 0.383970 0.354160 0.354160
2607425 0.470320 0.347690 0.347690
2608118 0.707000 0.701610 0.701610
2610344 0.812810 0.793910 0.793910
2615830 0.390650 0.349070 0.349070
2615913 0.919180 0.918710 0.918710
2618783 0.245070 0.192310 0.192310
2620389 0.744780 0.734940 0.734940
2621016 0.836820 0.835860 0.835860
2622365 0.922400 0.920370 0.920370
2622993 0.862850 0.840370 0.840370
2627461 0.826420 0.810390 0.810390
2636120 0.697580 0.592490 0.592490
2640483 0.758310 0.710550 0.710550
2647986 0.772310 0.751860 0.751860
2650422 0.702790 0.653770 0.653770
2651374 0.657180 0.564540 0.564540
2653435 0.770030 0.652600 0.652600
2654737 0.512390 0.400950 0.400950
2658563 0.643980 0.521360 0.521360
2660896 0.814910 0.785300 0.785300
2668141 0.863550 0.826990 0.826990
2670321 0.549710 0.473650 0.473650
2675532 0.643300 0.499840 0.499840
2677449 0.818520 0.811090 0.811090
2678169 0.942780 0.938530 0.938530
2678574 0.709290 0.512290 0.512290
2679451 0.822160 0.816190 0.816190
2681017 0.644880 0.536200 0.536200
2682348 0.860680 0.855980 0.855980
2682608 0.802050 0.793410 0.793410
2682746 0.240350 0.159600 0.159600
2684516 0.772380 0.752890 0.752890
2689382 0.846050 0.733220 0.733220
2690686 0.694200 0.668500 0.668500
2691158 0.760200 0.675430 0.675430
2693989 0.896920 0.888710 0.888710
2695524 0.792450 0.765200 0.765200
2701290 0.468740 0.380220 0.380220
2702081 0.738370 0.731550 0.731550
2705121 0.845690 0.806600 0.806600
2710359 0.624830 0.540140 0.540140
2711879 0.791640 0.695880 0.695880
2718367 0.630510 0.472570 0.472570
2721033 0.831080 0.767530 0.767530
2723883 0.842860 0.838350 0.838350
2726297 0.640180 0.623090 0.623090
2729748 0.737590 0.679820 0.679820
2730157 0.683350 0.618280 0.618280
2730999 0.753680 0.746820 0.746820
2733620 0.743470 0.729210 0.729210
2738514 0.663090 0.589370 0.589370
2749999 0.876630 0.852660 0.852660
2751372 0.740060 0.709580 0.709580
2753468 0.878380 0.862890 0.862890
2757008 0.886900 0.885240 0.885240
2758135 0.714730 0.618950 0.618950
2760946 0.838950 0.742720 0.742720
2764726 0.750390 0.716650 0.716650
2766576 0.827790 0.822990 0.822990
2766606 0.590960 0.454700 0.454700
2770354 0.430610 0.369510 0.369510
2771224 0.557670 0.424110 0.424110
2771437 0.548270 0.361120 0.361120
2771970 0.433120 0.344640 0.344640
2772856 0.840370 0.823360 0.823360
2773243 0.913480 0.910100 0.910100
2773537 0.955580 0.954720 0.954720
2776665 0.490560 0.446080 0.446080
2781287 0.837970 0.786290 0.786290
2781601 0.836140 0.827980 0.827980
2786141 0.818650 0.771190 0.771190
2788838 0.827510 0.823290 0.823290
2788968 0.730650 0.665300 0.665300
2789383 0.464370 0.327740 0.327740
2790899 0.538790 0.434290 0.434290
2791114 0.846420 0.782970 0.782970
2794498 0.637730 0.555940 0.555940
2794622 0.667940 0.622820 0.622820
2800968 0.504980 0.396910 0.396910
2800977 0.341640 0.296930 0.296930
2801034 0.877030 0.853330 0.853330
2803209 0.817050 0.753430 0.753430
2803241 0.753690 0.747960 0.747960
2803643 0.796170 0.785900 0.785900
2804853 0.934930 0.932870 0.932870
2805557 0.135450 0.128300 0.128300
2809815 0.701220 0.656810 0.656810
2811441 0.795930 0.735000 0.735000
2812632 0.420840 0.397940 0.397940
2813478 0.799360 0.748640 0.748640
2813547 0.811330 0.711980 0.711980
2822611 0.673470 0.581570 0.581570
2825450 0.807470 0.801790 0.801790
2829584 0.896940 0.820730 0.820730
2830227 0.290320 0.224490 0.224490
2830745 0.875510 0.868230 0.868230
2831246 0.882850 0.875950 0.875950
2832166 0.839310 0.837440 0.837440
2833796 0.732270 0.725060 0.725060
2836333 0.815370 0.779650 0.779650
2840951 0.772200 0.755610 0.755610
2842563 0.499180 0.423380 0.423380
2846577 0.580420 0.490840 0.490840
2846962 0.326780 0.264370 0.264370
2855979 0.723510 0.645160 0.645160
2860703 0.674320 0.573730 0.573730
2863391 0.865750 0.854960 0.854960
2863747 0.652040 0.536610 0.536610
2863862 0.741180 0.735390 0.735390
2865486 0.512370 0.000000 0.313370
2865717 0.930870 0.928570 0.928570
2868054 0.749380 0.665080 0.665080
2869593 0.824780 0.792040 0.792040
2873998 0.505500 0.000000 0.264080
2878374 0.736070 0.720720 0.720720
2878973 0.809250 0.797270 0.797270
2880070 0.575140 0.480850 0.480850
2880840 0.866640 0.843030 0.843030
2882409 0.680720 0.659510 0.659510
2883516 0.613640 0.000000 0.467440
2887552 0.810750 0.785630 0.785630
2887976 0.788920 0.683290 0.683290
2887999 0.463160 0.326500 0.326500
2888324 0.615990 0.470830 0.470830
2890081 0.624920 0.519810 0.519810
2891502 0.818220 0.802240 0.802240
2891576 0.466700 0.341730 0.341730
2893432 0.906470 0.900160 0.900160
2897997 0.598020 0.533130 0.533130
2898976 0.695500 0.693330 0.693330
2899476 0.775810 0.770470 0.770470
2901024 0.624870 0.578180 0.578180
2903242 0.731250 0.673060 0.673060
2910600 0.606830 0.525680 0.525680
2916186 0.792520 0.756490 0.756490
2918084 0.672620 0.648530 0.648530
2919114 0.841960 0.820540 0.820540
2920995 0.474490 0.399060 0.399060
2923723 0.896210 0.884580 0.884580
2926949 0.701520 0.659370 0.659370
2930441 0.865980 0.858380 0.858380
2932791 0.733000 0.647020 0.647020
2933532 0.581810 0.516570 0.516570
2934316 0.822020 0.817440 0.817440
2938282 0.754320 0.642590 0.642590
2943601 0.827370 0.776360 0.776360
2944449 0.782030 0.770090 0.770090
2945198 0.617900 0.575570 0.575570
2945456 0.901620 0.895830 0.895830
2954283 0.920460 0.917480 0.917480
2956139 0.795140 0.784190 0.784190
2958210 0.895670 0.885660 0.885660
2958981 0.552320 0.504070 0.504070
2959985 0.857110 0.850680 0.850680
2960522 0.893900 0.893020 0.893020
2962246 0.555120 0.465330 0.465330
2969546 0.872280 0.857840 0.857840
2970961 0.612470 0.509810 0.509810
2972344 0.958240 0.957510 0.957510
2975201 0.382870 0.287840 0.287840
2981187 0.426130 0.000000 0.257510
2982047 0.908230 0.896890 0.896890
2984955 0.806320 0.684000 0.684000
2988640 0.920600 0.913950 0.913950
2989662 0.471100 0.399410 0.399410
2994306 0.801040 0.756520 0.756520
2995146 0.872710 0.869450 0.869450
2996573 0.829820 0.807740 0.807740
