set-a/1002603.txt 0.000000 0.000000 0.010000
set-a/1003574.txt 0.094780 0.000000 0.047470
set-a/1004502.txt 0.632180 0.607700 0.607700
set-a/1006637.txt 0.000000 0.000000 0.010000
set-a/1028102.txt 0.751500 0.000000 0.550270
set-a/1030400.txt 0.000000 0.000000 0.010000
set-a/1030943.txt 0.025850 0.000000 0.013310
set-a/1034914.txt 0.355890 0.000000 0.157210
set-a/1038105.txt 0.000000 0.000000 0.010000
set-a/1050325.txt 0.549070 0.000000 0.294130
set-a/1052879.txt 0.783290 0.000000 0.585330
set-a/1063069.txt 0.508240 0.000000 0.302670
set-a/1063073.txt 0.000000 0.000000 0.010000
set-a/1068152.txt 0.723280 0.000000 0.527170
set-a/1072620.txt 0.700230 0.000000 0.400580
set-a/1076589.txt 0.000000 0.000000 0.010000
set-a/1079854.txt 0.000000 0.000000 0.010000
set-a/1086219.txt 0.430220 0.000000 0.195080
set-a/1089267.txt 0.809570 0.000000 0.603640
set-a/1101829.txt 0.611340 0.574640 0.574640
set-a/1105115.txt 0.201150 0.000000 0.115710
set-a/1129899.txt 0.000000 0.000000 0.010000
set-a/1136617.txt 0.271460 0.000000 0.153200
set-a/1136770.txt 0.880440 0.000000 0.654790
set-a/1138841.txt 0.275670 0.000000 0.180010
set-a/1139166.txt 0.531580 0.000000 0.400770
set-a/1149244.txt 0.625430 0.000000 0.334240
set-a/1156063.txt 0.109320 0.000000 0.020080
set-a/1163558.txt 0.764380 0.000000 0.573240
set-a/1164815.txt 0.470320 0.436500 0.436500
set-a/1169320.txt 0.558550 0.000000 0.311020
set-a/1180858.txt 0.475420 0.000000 0.365780
set-a/1183223.txt 0.000000 0.000000 0.010000
set-a/1183818.txt 0.578920 0.000000 0.384480
set-a/1192090.txt 0.348200 0.000000 0.062550
set-a/1192637.txt 0.020870 0.000000 0.013080
set-a/1202296.txt 0.680890 0.000000 0.508480
set-a/1220041.txt 0.197210 0.000000 0.029780
set-a/1221733.txt 0.695050 0.000000 0.521230
set-a/1243537.txt 0.685950 0.000000 0.497380
set-a/1254724.txt 0.797740 0.692760 0.692760
set-a/1255536.txt 0.000000 0.000000 0.010000
set-a/1279102.txt 0.466500 0.000000 0.260520
set-a/1295738.txt 0.000000 0.000000 0.010000
set-a/1301273.txt 0.542230 0.000000 0.313970
set-a/1301328.txt 0.000000 0.000000 0.010000
set-a/1317495.txt 0.578310 0.547030 0.547030
set-a/1327085.txt 0.506480 0.000000 0.294050
set-a/1327659.txt 0.000000 0.000000 0.010000
set-a/1335760.txt 0.074400 0.000000 0.014540
set-a/1337378.txt 0.691450 0.000000 0.520270
set-a/1344978.txt 0.349020 0.000000 0.220700
set-a/1347106.txt 0.682190 0.000000 0.514060
set-a/1354265.txt 0.064410 0.000000 0.014370
set-a/1355055.txt 0.169440 0.000000 0.070530
set-a/1356379.txt 0.484080 0.000000 0.210850
set-a/1356529.txt 0.237200 0.000000 0.103690
set-a/1363712.txt 0.000000 0.000000 0.010000
set-a/1364918.txt 0.000000 0.000000 0.010000
set-a/1369305.txt 0.023160 0.000000 0.013190
set-a/1377360.txt 0.000000 0.000000 0.010000
set-a/1377539.txt 0.233350 0.000000 0.120020
set-a/1382942.txt 0.000000 0.000000 0.010000
set-a/1403997.txt 0.481030 0.000000 0.266070
set-a/1408675.txt 0.000000 0.000000 0.010000
set-a/1421230.txt 0.736910 0.000000 0.529880
set-a/1425383.txt 0.000000 0.000000 0.010000
set-a/1435087.txt 0.782340 0.000000 0.588420
set-a/1436962.txt 0.649890 0.000000 0.473410
set-a/1451509.txt 0.530540 0.503040 0.503040
set-a/1452192.txt 0.000000 0.000000 0.010000
set-a/1454865.txt 0.490970 0.000000 0.345440
set-a/1463775.txt 0.663930 0.000000 0.481800
set-a/1474710.txt 0.060520 0.000000 0.014290
set-a/1480991.txt 0.627740 0.000000 0.351640
set-a/1485621.txt 0.000000 0.000000 0.010000
set-a/1490937.txt 0.503760 0.000000 0.292750
set-a/1509036.txt 0.793630 0.000000 0.595940
set-a/1531776.txt 0.729270 0.000000 0.513400
set-a/1532215.txt 0.254340 0.000000 0.170060
set-a/1553541.txt 0.020850 0.000000 0.013080
set-a/1556297.txt 0.584130 0.000000 0.429920
set-a/1568146.txt 0.017440 0.000000 0.012880
set-a/1607439.txt 0.444540 0.000000 0.344830
set-a/1609343.txt 0.580130 0.000000 0.335270
set-a/1610034.txt 0.000000 0.000000 0.010000
set-a/1628173.txt 0.425250 0.000000 0.302650
set-a/1636307.txt 0.000000 0.000000 0.010000
set-a/1648581.txt 0.319590 0.234170 0.234170
set-a/1661380.txt 0.000000 0.000000 0.010000
set-a/1669522.txt 0.000000 0.000000 0.010000
set-a/1670989.txt 0.851060 0.829910 0.829910
set-a/1691516.txt 0.000000 0.000000 0.010000
set-a/1700006.txt 0.000000 0.000000 0.010000
set-a/1703846.txt 0.839920 0.000000 0.628710
set-a/1707186.txt 0.353730 0.282280 0.282280
set-a/1708868.txt 0.000000 0.000000 0.010000
set-a/1722066.txt 0.000000 0.000000 0.010000
set-a/1725585.txt 0.284730 0.000000 0.146700
set-a/1730951.txt 0.414240 0.000000 0.236990
set-a/1756508.txt 0.000000 0.000000 0.010000
set-a/1770220.txt 0.000000 0.000000 0.010000
set-a/1772249.txt 0.000000 0.000000 0.010000
set-a/1777141.txt 0.000000 0.000000 0.010000
